  
      List of probable primes, note that none of these have been proven however it is extremely likely that they are prime
      
      the primes are sorted by there length in machine words of 64-bit length and are enumerated starting from the top integer. i.e 
      
      75 in the block 2^512 states that 2^512 + 75 is the first prime greater than 2^512. 2^512 + 145 is the next prime etc, therefore a good
      check is to enumerate first 256 primes and check that it also matches the tables. 
      
      Note that these evaluate approximately 1.2-1.5 times faster than average, however representing random primes is difficult to do in a
      condensed manner
      
      

                                                          2^512
________________________________________________________________________________________________________________________      

			75, 145, 285, 727, 1105, 1147, 1273, 2743, 3177, 3913, 4597, 4933, 
			5527, 5695, 5821, 5857, 5941, 6273, 6301, 6325, 6333, 7111, 7471, 
			7693, 7735, 7741, 8721, 9231, 10161,10173, 10431, 10591, 11031, 
			11335, 12661, 13105, 13125, 13573, 14025, 14151, 14607, 15127, 15285,
			15441, 16797, 16951, 17553, 18787, 19615, 19833, 20155, 20571, 20845, 
			20887, 21033, 21331, 21475, 21627, 21733, 22707, 22801, 22993, 24451, 
			24505, 25387, 25557, 25611, 26205, 26215, 26391, 26557, 26721, 27061, 
			27075, 27355, 28221, 28351, 28405, 28473, 28743, 29425, 29607, 29827, 
			29931, 30001, 30207, 32073, 32227, 32463, 32835, 33223, 33325, 33511, 
			33657, 34231, 34423, 34621, 34743, 34851, 35035, 35847, 36145, 36385, 
			36415, 36601, 36663, 36883, 37423, 37515, 38163, 39061, 39291, 39313, 
			39373, 39481, 39513, 39727, 40455, 40845, 40921, 41217, 41277, 42097, 
			42321, 42351, 42517, 42705, 43345, 43363, 43525, 44013, 44137, 44695, 
			45375, 45511, 45813, 45927, 46041, 46195, 47041, 47193, 47341, 47601, 
			47691, 47731, 48307, 49005, 49167, 50031, 50055, 50517, 50701, 51097, 
			51273, 51813, 52897, 53397, 53517, 53883, 54891, 55323, 55671, 55923, 
			56145, 56257, 56331, 56425, 57073, 57433, 57481, 57517, 57861, 57877, 
			58641, 58963, 59317, 59443, 60225, 60283, 60345, 60543, 60855, 60921, 
			61207, 61287, 61591, 61887, 62497, 62511, 63061, 64245, 64351, 64831, 
			64917, 65107, 65217, 65421, 65473, 65475, 65671, 66345, 67015, 68511, 
			68703, 68983, 69057, 70681, 70993, 71737, 71853, 72223, 72391, 72423, 
			72781, 73453, 73515, 73627, 74001, 74041, 74163, 74701, 75297, 76147, 
			76221, 76531, 76617, 76851, 76981, 76995, 77061, 77257, 77743, 78045, 
			78135, 78187, 78211, 79017, 79293, 79441, 79773, 79843, 79917, 80023, 
			80575, 80743, 80757, 80911, 81117, 82105, 82377, 82401, 82941, 82975, 
			83125, 83203, 83473
________________________________________________________________________________________________________________________   


   
      
                                                          2^640      
________________________________________________________________________________________________________________________

			115, 303, 391, 757, 1287, 1485, 2943, 3627, 3711, 3861, 3931, 4155, 4291,
			4425, 4683, 4903, 5343, 6507, 8133, 8373, 8677, 9055, 9061, 9543, 9873, 
			9885, 11883, 11937, 12573, 12795, 13917, 14083, 14913, 15171, 15177, 15837, 
			15855, 16647, 17965, 18615, 18823, 19233, 19681, 20143, 20311, 20785, 22863, 
			24313, 25441, 25491, 26235, 26635, 27243, 27541, 28161, 29295, 29397, 29541, 
			29553, 30823, 31875, 33363, 33561, 33831, 33847, 33961, 34047, 34327, 34975, 
			35515, 35647, 36303, 36495, 36661, 37213, 37257, 37353, 37687, 38137, 38415, 
			38863, 39013, 39103, 40975, 42115, 42303, 43135, 43633, 44011, 44047, 44295, 
			45867, 48453, 48615, 48645, 49437, 49651, 50283, 50395, 51013, 51027, 51615, 
			51921, 53407, 53901, 54907, 55003, 55723, 55761, 56637, 56823, 56997, 57061, 
			57451, 57495, 57655, 58131, 58317, 58743, 58765, 59137, 60085, 60091, 60151,
        		60393, 60777, 62047, 62905, 63973, 64147, 64485, 64743, 65151, 65643, 65895, 
        		66313, 66937, 67773, 69271, 69385, 69451, 69777, 70023, 70203, 71047, 71481, 
        		71683, 72547, 73207, 73725, 73731, 73755, 73885, 74397, 74511, 74973, 75897, 
        		75937, 76297, 76785, 76881, 76887, 78093, 78337, 78507, 78931, 79741, 80065, 
        		81165, 81217, 81801, 81855, 82357, 82657, 82953, 83581, 83971, 84091, 84093, 
        		84583, 85053, 85827, 87387, 87693, 88621, 88645, 89103, 89497, 90831, 90853, 
        		91111, 91165, 92253, 93055, 93481, 93981, 94431, 94497, 94881, 95487, 95805, 
        		96261, 97017, 97321, 97365, 97755, 97827, 98077, 98553, 98751, 98881, 99357, 
        		99397, 99753, 100923, 100933, 101227, 101275, 101377, 101641, 101797, 101977, 
        		102337, 102447, 102873, 103173, 104041, 104817, 105781, 106537, 106561, 106815, 
        		107647, 108123, 108147, 108163, 108751, 108865, 110047, 110977, 111141, 111493, 
        		112371, 112695, 113205, 113437, 113667, 113757, 113947, 114807, 115087, 115467, 
        		116173, 116367, 116571, 116587
________________________________________________________________________________________________________________________      
      
      
      
      
                                                          2^1024      
________________________________________________________________________________________________________________________

			643, 1081, 2113, 2715, 3711, 5335, 5793, 5947, 7015, 7447, 7935, 8953, 8995, 
			9855, 10167, 10195, 11607, 12435, 12523, 12655, 12757, 13927, 14071, 16491, 
			18117, 18823,18855, 19183, 19693, 21193, 21475, 21697, 22767, 23295, 24331, 
			24783, 25995, 26617, 27027, 27771, 28323, 28405, 28995, 29025, 29701, 30955, 
			32271, 32283, 33361, 33483, 33571, 34663, 34723, 35191, 35505, 36135, 36681, 
			37015, 37185, 37485, 37851, 39565, 39913, 41637, 43113, 43435, 45325, 45625, 
			45807, 46213, 47233, 47443, 47491, 47841, 48441, 48493, 50361, 50745, 50785, 
			51471, 51727, 53203, 53491, 53637, 54295, 54543, 54861, 57345, 58443, 58453, 
			58923, 59325, 60783, 61323, 62073, 62157, 62437, 63325, 63351, 63675, 63745, 
			63771, 64441, 64507, 65935, 66865, 67993, 68545, 70003, 70521, 71035, 73093, 
			74197, 76705, 76815, 78163, 78553, 80125, 80143, 80227, 80917, 82137, 82593, 
			83995, 84223, 85473, 87465, 88285, 89173, 90121, 90183, 90453, 91503, 91821, 
			92077, 92463, 93291, 93345, 94303, 94681, 95985, 96555, 99361, 100437, 100585, 
			100593, 101563, 102477, 102741, 102973, 103771, 103905, 103947, 104703, 104797, 
			107083, 107815, 108531, 109117, 111391, 112455, 112497, 112575, 114433, 116181, 
			116227, 117951, 119263, 120085, 122983, 124315, 124393, 124777, 124905, 125227, 
			125251, 127831, 128005, 128347, 129105, 129151, 129307, 129943, 130005, 130141, 
			131733, 132631, 134583, 134901, 137425, 138355, 138495, 139047, 139225, 140545, 
			141157, 141693, 141823, 141835, 143005, 144061, 145075, 145743, 146107, 146217, 
			146973, 147631, 147867, 147907, 148453, 148617, 148863, 150067, 151137, 152853, 
			153595, 154063, 155917, 156471, 156583, 156831, 157863, 160083, 160087, 161575, 
			162345, 162823, 162921, 165577, 167061, 167631, 168085, 168213, 168783, 169633, 
			172113, 172771, 173343, 173431, 174253, 174957, 175317, 175387, 177181, 177507, 
			178333, 179197, 179245, 179731, 179967, 180445, 180511, 180565, 181183, 183201, 
			183873
________________________________________________________________________________________________________________________      




                                                          2^2048      
________________________________________________________________________________________________________________________

			981, 1617, 3063, 3211, 4143, 7405, 9843, 10665, 10725, 11097, 11467, 13137, 
			13333, 15703, 17001, 17787, 18523, 21397, 24963, 25405, 26697, 26935, 30475, 
			31627, 34005, 34431, 35281, 35763, 36535, 37653, 38841, 39825, 42637, 43965, 
			44281, 45303, 46303, 46995, 49957, 54613, 54873, 57325, 62847, 65377, 65545, 
			67701, 67953, 68415, 68535, 68941, 69493, 69543, 72207, 75775, 76413, 76647, 
			77797, 78003, 81081, 81093, 81795, 83335, 83593, 84397, 84463, 89023, 89835, 
			89965, 90127, 90147, 90993, 93795, 94593, 97455, 97707, 98077, 99867, 99945, 
			100431, 105435, 107025, 107385, 107851, 109197, 111343, 115911, 115941, 116667, 
			117601, 123327, 124381, 125523, 129051, 130453, 130551, 130773, 131203, 131301, 
			131877, 132915, 133221, 133651, 134085, 135751, 135771, 136383, 136711, 137443, 
			141901, 147783, 148455, 150997, 152751, 153097, 153817, 155013, 155191, 156027, 
			156057, 157543, 160747, 162385, 162747, 162891, 164191, 166843, 167001, 172603, 
			173373, 174157, 175503, 176563, 180081, 182811, 183397, 184021, 184167, 186235, 
			187017, 187803, 192091, 192883, 193107, 193635, 193831, 194205, 195321, 196261, 
			197587, 198213, 199425, 202227, 202801, 203137, 204061, 204303, 204625, 204763,
			205941, 207145, 209091, 211077, 212317, 213033, 213855, 215725, 218023, 219603, 
			220245, 223983, 224985, 226855, 227157, 230605, 230883, 232153, 236961, 238245, 
			239407, 242937, 243583, 243721, 248847, 249177, 249415, 251661, 253875, 254407, 
			255547, 257637, 258141, 258573, 259671, 263127, 264991, 265591, 269337, 270633, 
			271791, 275121, 275353, 275601, 275863, 276967, 277317, 278985, 279633, 280267, 
			281143, 282633, 283143, 283941, 286977, 295161, 295447, 295603, 297073, 297487, 
			299475, 300313, 303043, 303433, 303805, 306481, 309085, 309765, 311535, 312423, 
			316323, 317785, 321181, 321271, 322705, 324111, 324547, 325221, 325357, 326415, 
			328155, 328521, 328885, 329401, 329415, 331605, 332137, 333261, 333421, 337495, 
			338683, 339705, 339877, 340053, 341433, 342495, 344437, 345007
________________________________________________________________________________________________________________________      




                                                          2^4096      
________________________________________________________________________________________________________________________

			1761, 7227, 7423, 10093, 10473, 13965, 17335, 17355, 19891, 22803, 27015,
			28347, 28653, 29635, 34513, 34957, 35295, 40161, 41281, 42591, 43345, 49563, 
			51327, 54261, 55545, 56737, 63933, 69747, 72787, 74911, 75387, 75747, 77575, 
			83245, 88767, 90435, 94683, 95715, 100921, 103627, 108717, 110415, 113635, 
			120795, 121713, 128907, 129333, 133183, 139615, 140305, 140821, 141673, 145687,
			153853, 162873, 163545, 165235, 165763, 165873, 172605, 175875, 184591, 185277, 
			186613, 188035, 190261, 194005, 196387, 196953, 198711, 202971, 203331, 203385, 
			205701, 207657, 211303, 212965, 215331, 215817, 218533, 224707, 224983, 225493, 
			233115, 240087, 241215, 241363, 244435, 255567, 260467, 263043, 263811, 264513, 
			265917, 268137, 268713, 273667, 275683, 278013, 285625, 287785, 293341, 293547, 
			297207, 299041, 300783, 301671, 302037, 303957, 305551, 310263, 310293, 312253, 
			313351, 314761, 317307, 320407, 322903, 326445, 328015, 328021, 332133, 333043, 
			338013, 342535, 345313, 345705, 346321, 348895, 348921, 350455, 351477, 351651, 
			352773, 358227, 361201, 362145, 364027, 366453, 371983, 372007, 383001, 396927, 
			397791, 399265, 399483, 400245, 410805, 422101, 427057, 431677, 431907, 434371,
			435345, 436023, 440677, 444411, 445131, 447631, 449421, 452337, 454293, 455053, 
			458703, 459267, 460867, 465681, 468945, 470611, 472987, 476221, 478471, 478495, 
			482775, 484491, 486385, 486663, 487873, 488223, 488637, 490951, 491221, 495111, 
			499933, 500355, 500973, 504217, 504687, 505795, 507165, 507565, 508585, 508941, 
			511477, 515127, 516315, 518637, 519171, 519507, 524275, 526057, 526465, 528091, 
			533247, 540715, 541683, 542041, 544077, 546105, 546237, 550683, 552901, 553155, 
			555375, 564783, 566245, 567687, 569083, 570943, 574507, 575305, 576837, 576991, 
			578827, 583213, 584721, 587737, 588501, 591825, 593523, 594495, 600781, 604911, 
			613777, 613915, 616771, 619243, 620301, 621153, 623283, 625761, 630567, 632101, 
			646663, 653493, 654171, 654877, 660351, 661875, 663867, 665983, 666243, 668877, 
			670741, 672535, 675637
________________________________________________________________________________________________________________________      




                                                          2^6400      
________________________________________________________________________________________________________________________

			14931, 17961, 23313, 46333, 51345, 51643, 62533, 63927, 
			67245, 70585, 73485, 84477, 89851, 90325, 94285, 101487, 
			102841, 109033, 114073, 115207, 118101, 123511, 124141,
			125203, 126127, 127705, 129363, 136173, 145645, 147345, 
			152343, 153003, 154737, 155085, 156415, 166263, 171777, 
			172735, 173193, 174433, 174933, 175357, 175531, 184047,
			184393, 187413, 192483, 197653, 200215, 201411, 201813, 
			204001, 224823, 230121, 241335, 241507, 254587, 261223, 
			266907, 267625, 268131, 268375, 268671, 272385, 276307,
			277887, 278943, 283663, 287997, 290653, 292023, 292333, 
			292897, 303135, 306075, 310695, 311227, 312705, 317391, 
			317793, 318255, 321093, 323007, 324561, 328395, 329043,
			330277, 333193, 334767, 334975, 372351, 381297, 382215, 
			382615, 383971, 387765, 392547, 397123, 398043, 400095, 
			402583, 406641, 406837, 411037, 415515, 417897, 421921,
			435535, 440035, 441933, 444513, 451455, 459841, 465667, 
			466171, 481477, 490813, 493303, 498957, 503401, 503605, 
			507343, 509643, 511195, 511857, 514135, 514581, 515307,
			515335, 516037, 520851, 528133, 535033, 535381, 537361, 
			537667, 539611, 540135, 545187, 552765, 554151, 556693, 
			563797, 571747, 572137, 576055, 578011, 585577, 588253,
			599155, 602451, 602935, 604435, 604501, 612367, 613827, 
			616543, 617215, 619185, 625317, 646911, 649825, 663315, 
			674685, 675583, 685267, 686433, 691191, 692733, 694597,
			705853, 707491, 711117, 713517, 723055, 730185, 741321, 
			749757, 753693, 753883, 757395, 758221, 761365, 771753, 
			777973, 778257, 784093, 785065, 790755, 796021, 798273,
			808657, 816613, 817371, 823375, 824085, 826911, 828295, 
			830251, 831715, 837525, 839427, 839457, 840081, 840835, 
			844021, 846183, 847605, 852777, 858103, 864475, 867687,
			871371, 871875, 872095, 873915, 880525, 882247, 885945, 
			888243, 896211, 899635, 903295, 905911, 913215, 928341, 
			949921, 953533, 955131, 956577, 958237, 962271, 971217,
			973813, 983065, 987175, 989421, 997867, 1000495, 1010317, 
			1011927, 1013853, 1019593, 1024755, 1025373, 1035037, 
			1035783, 1036207, 1038577, 1039605, 1053373, 1057123,
			1058005, 1069677, 1074933, 1088961
________________________________________________________________________________________________________________________      

      

                                                          2^64000      
________________________________________________________________________________________________________________________

			 26235, 27307, 51277, 56763, 62301, 
________________________________________________________________________________________________________________________      


